cluster	protein1	protein2	overall_score	total_align_length	total_gap_length	total_perfect_align	total_nonperfect_align	n_gaps
850	Q9BVI4	Q06512	0.324324324324	468	132	156	312	13
2033	Q16613	Q12447	0.227027027027	179	40	42	137	6
799	Q8WTT2	Q07896	0.291472868217	622	219	188	434	23
233	P42356	P37297	0.270080862534	1773	456	501	1272	82
674	Q9BV20	Q06489	0.448753462604	352	76	162	190	9
189	Q9NUQ8	P43535	0.430555555556	705	51	310	395	15
1639	O76094	P38688	0.224315068493	557	197	131	426	27
954	P20618	P23724	0.442553191489	232	18	104	128	3
1060	Q9NUI1	P32573	0.378839590444	286	12	111	175	7
819	Q9NWX6	P53215	0.474789915966	234	67	113	121	4
1427	Q9UJA5	P41814	0.251121076233	429	117	112	317	17
1426	Q9BXW7	P36151	0.264705882353	328	119	90	238	12
86	O60841	P39730	0.427565392354	963	296	425	538	31
1849	Q96J01	P53851	0.206798866856	335	103	73	262	18
1422	P48556	P32496	0.313432835821	261	102	84	177	7
1461	Q5T653	P32611	0.304635761589	287	124	92	195	15
300	Q7L014	P21372	0.323076923077	816	248	273	543	29
587	Q86WU2	P32891	0.339430894309	479	136	167	312	13
1816	Q9Y5M8	P36057	0.248945147679	229	57	59	170	8
146	P49589	P53852	0.443257676903	734	47	332	402	15
755	Q9UGM6	P04803	0.379781420765	357	25	139	218	9
47	Q9P2J5	P26637	0.458294283037	1046	174	489	557	21
471	P36551	P11353	0.521604938272	317	148	169	148	7
2019	Q15006	P47133	0.216117216117	259	71	59	200	14
1593	Q9BUI4	P32349	0.215264187867	488	212	110	378	23
28	P22314	P22515	0.517543859649	1011	60	531	480	15
1848	Q3MHD2	P38828	0.213114754098	178	26	39	139	5
271	P04040	P15202	0.472762645914	506	30	243	263	8
1052	Q13795	Q02804	0.465	197	5	93	104	3
1125	Q96JB2	P40094	0.221485411141	726	177	167	559	28
1068	Q9UHA3	Q07915	0.518072289157	163	36	86	77	3
1836	Q9BV38	P53877	0.216894977169	414	159	95	319	24
1801	Q5T440	P47158	0.269886363636	333	187	95	238	19
380	P35250	P40339	0.579754601227	321	35	189	132	5
307	Q14669	P33202	0.24966442953	1433	609	372	1061	57
1596	Q9BZL1	Q6Q546	0.643835616438	73	0	47	26	0
1846	O00488	Q08004	0.370967741935	119	62	46	73	5
2018	Q9NYJ1	Q05809	0.258426966292	87	9	23	64	2
1361	O94888	Q06682	0.275700934579	410	169	118	292	18
1355	Q7L5Y9	P40492	0.259541984733	382	148	102	280	11
1061	Q9Y5Q9	P33339	0.252643948296	817	277	215	602	34
1578	Q9UI43	P53123	0.330578512397	233	100	80	153	9
2004	Q6P3W2	P47138	0.255033557047	143	35	38	105	6
1051	Q16774	P15454	0.5	186	12	95	91	4
1800	Q2VPK5	P53923	0.206208425721	429	150	93	336	22
619	P49917	Q08387	0.259842519685	856	143	231	625	33
1110	Q9GZL7	Q12024	0.311320754717	410	63	132	278	14
723	Q8TBC4	Q99344	0.428571428571	293	176	129	164	8
298	P51530	P38859	0.310084825636	1020	542	329	691	41
480	P28715	P07276	0.267	964	289	267	697	36
243	P46087	P40991	0.460032626427	590	250	282	308	23
1040	Q15397	Q04373	0.240188383046	613	78	153	460	24
1824	O14561	P32463	0.349593495935	117	47	43	74	6
494	P16435	P16603	0.321804511278	644	80	214	430	21
177	Q9Y697	P25374	0.605206073753	456	42	279	177	5
1540	O75717	Q01454	0.21696969697	788	480	179	609	37
1196	Q8TBZ6	Q12400	0.302816901408	278	76	86	192	6
861	Q9H3H1	P07884	0.329411764706	412	71	140	272	13
1909	Q9BVC3	P25559	0.218232044199	350	73	79	271	12
1382	Q8TAF3	Q99247	0.230205278592	650	493	157	493	32
445	P24752	P41338	0.479797979798	390	45	190	200	6
1076	Q00403	P29055	0.326086956522	316	29	105	211	6
287	P23381	Q12109	0.525179856115	411	81	219	192	6
161	P55060	P33307	0.352450469239	941	49	338	603	18
289	P54278	P14242	0.368165249089	796	143	303	493	27
1410	O60869	O14467	0.439189189189	145	9	65	80	3
853	P55036	P38886	0.476923076923	256	133	124	132	4
1825	Q5J8M3	P53073	0.258620689655	167	39	45	122	7
655	Q9NXC5	P38164	0.272727272727	811	291	231	580	36
917	Q9BY44	P53235	0.279863481229	565	97	164	401	21
61	Q9HD20	P39986	0.405846947549	1140	139	472	668	23
247	P11766	P32771	0.616402116402	374	12	233	141	4
1815	Q8N2U9	Q03687	0.25	269	138	70	199	11
1008	Q8N8A6	P53734	0.299657534247	562	171	175	387	22
22	Q9H0A0	P53914	0.572549019608	1004	73	584	420	16
1242	O60337	P40318	0.212765957447	878	473	200	678	62
932	Q13286	P47040	0.373711340206	380	86	145	235	8
1949	O43715	O60200	0.358974358974	75	12	28	47	3
382	Q96S55	P40151	0.393356643357	553	146	225	328	19
1491	Q9P2X3	P25637	0.317647058824	247	84	81	166	8
1944	Q86V81	Q12159	0.266375545852	218	47	61	157	11
1617	Q9P015	P36520	0.272727272727	274	70	78	196	12
1915	P60602	Q02889	0.425	79	34	34	45	1
1784	Q9UHV9	P40005	0.345132743363	111	43	39	72	2
1066	P55769	P39990	0.685039370079	126	2	87	39	1
1773	Q9UKR5	P40030	0.296296296296	133	22	40	93	2
33	O14980	P30822	0.473684210526	1055	45	504	551	9
1344	P54198	P32480	0.221668742217	767	358	178	589	36
1205	P18754	P21827	0.292857142857	401	101	123	278	19
31	Q92616	P33892	0.295741324921	2458	427	750	1708	78
1483	Q9UJX6	Q12440	0.225067385445	706	263	167	539	36
715	Q8TEX9	P40069	0.227188081937	1041	112	244	797	33
19	P13639	P32324	0.670616113744	842	16	566	276	2
1781	Q96EU6	Q12481	0.2578125	244	71	66	178	12
688	Q9UHB4	Q12181	0.305369127517	580	60	182	398	16
1301	Q13526	P22696	0.451807228916	163	7	75	88	3
736	Q9BZE2	P31115	0.37619047619	405	113	158	247	15
2011	Q9H9J2	P36516	0.202090592334	277	168	58	219	10
1627	Q99720	P32352	0.305936073059	212	21	67	145	7
2003	Q6ZNG9	O13329	0.203271028037	402	254	87	315	26
1695	Q9Y584	Q12328	0.335260115607	167	67	58	109	6
255	O00567	Q12460	0.510891089109	493	112	258	235	12
764	Q9Y324	Q05498	0.60103626943	188	11	116	72	5
440	P22830	P16622	0.449494949495	389	38	178	211	7
1731	Q9NUW8	P38319	0.236328125	484	184	121	363	28
475	O94906	P19735	0.288990825688	846	148	252	594	26
1661	Q96S52	Q04080	0.238383838384	472	145	118	354	23
1644	Q9NQY0	P25343	0.267441860465	249	20	69	180	9
1303	Q5VIR6	P47061	0.213930348259	584	353	129	455	19
1257	O94903	P38197	0.389763779528	245	42	99	146	9
62	P18074	P06839	0.51968503937	756	26	396	360	6
204	Q9UKF6	Q06224	0.426300578035	676	111	295	381	16
1189	Q12874	P19736	0.280087527352	442	147	128	314	15
656	Q9H553	P43636	0.405339805825	399	121	167	232	13
1139	Q9NP77	P53538	0.426395939086	194	12	84	110	3
1813	Q12893	Q12239	0.211726384365	296	101	65	231	11
310	P55039	P53295	0.584239130435	364	4	215	149	4
1412	Q9BW85	P28320	0.315384615385	248	105	82	166	12
8	Q07864	P21951	0.411095952706	2158	192	904	1254	41
1579	Q9UM13	P53068	0.289473684211	185	65	55	130	5
333	Q9NV06	P33750	0.46875	443	48	210	233	5
961	O43633	P36108	0.440528634361	222	10	100	122	5
682	Q9BXY0	P10962	0.471760797342	290	26	142	148	11
989	P28070	P30657	0.390804597701	252	26	102	150	9
1102	Q9Y535	P35718	0.446078431373	199	18	91	108	5
1114	P17707	P21182	0.316568047337	328	74	107	221	10
1928	Q9Y5R4	P53944	0.225092250923	257	138	61	196	14
1498	P23434	P39726	0.391025641026	149	45	61	88	7
1754	O95249	P38736	0.235807860262	222	29	54	168	7
313	Q96GQ7	P32892	0.363004172462	689	170	261	428	30
29	Q99798	P19414	0.658536585366	775	8	513	262	4
1886	Q9Y5L4	P53299	0.368421052632	90	20	35	55	5
669	Q9H720	P25618	0.298245614035	659	334	204	455	25
648	Q10570	Q06632	0.228418640183	1254	292	299	955	55
1835	Q15369	Q03071	0.353535353535	96	19	35	61	3
1925	Q9H2W6	P36528	0.246031746032	242	76	62	180	10
820	O15355	P39966	0.385294117647	327	356	131	196	13
1342	P61218	P20435	0.553846153846	127	28	72	55	3
1281	Q99741	P09119	0.274468085106	454	165	129	325	16
1862	Q9H1Y0	Q12380	0.242647058824	262	45	66	196	10
237	P40692	P38920	0.380697050938	728	69	284	444	18
1302	Q5VVQ6	P43558	0.299663299663	287	75	89	198	10
1903	Q9NRF9	Q04603	0.281690140845	137	69	40	97	5
547	Q9Y672	Q12001	0.367588932806	491	69	186	305	15
173	P26196	P39517	0.643020594966	431	127	281	150	6
1044	Q9BVL4	Q08968	0.290163934426	586	185	177	409	24
1510	Q9Y2S0	P28000	0.386206896552	142	113	56	86	3
1666	O43156	P36097	0.200614124872	933	261	196	737	44
1178	Q9Y3A0	O13525	0.369003690037	265	70	100	165	6
1708	P62304	Q12330	0.455555555556	87	12	41	46	3
554	Q9GZR7	P38112	0.316239316239	674	284	222	452	28
1141	O00471	Q06245	0.205555555556	693	193	148	545	27
486	P53602	P32377	0.455919395466	390	16	181	209	7
733	P62979	P05759	0.816993464052	152	4	125	27	1
361	Q9ULA0	P38821	0.4375	472	21	210	262	8
534	O75140	P47170	0.213444213444	1380	427	308	1072	63
1650	Q86TP1	P38698	0.252032520325	354	142	93	261	15
286	P61011	P20424	0.488188976378	498	49	248	250	10
1266	Q8N5U6	Q06436	0.23007518797	627	227	153	474	38
1837	Q9Y248	P40359	0.259259259259	180	38	49	131	9
1607	Q9Y255	Q05776	0.305084745763	175	44	54	121	2
1798	O43290	Q12420	0.253141831239	518	351	141	377	39
1338	P53680	Q00381	0.479452054795	142	5	70	72	4
1279	P49354	P29703	0.28	290	115	84	206	10
960	P00403	P00410	0.411255411255	226	26	95	131	5
981	Q86X76	P47016	0.388111888112	279	76	111	168	7
1882	Q9H8P0	P40526	0.264591439689	247	77	68	179	10
1004	Q9Y5L0	Q99189	0.225563909774	900	95	210	690	31
85	Q15269	P25635	0.434927697442	887	68	391	496	12
433	Q9UNQ2	P41819	0.56050955414	313	5	176	137	1
2006	Q9GZZ1	Q08689	0.2375	154	37	38	116	6
786	Q15274	P43619	0.448275862069	285	22	130	155	5
637	Q10713	P11914	0.345991561181	463	81	164	299	11
772	P25786	P40302	0.527659574468	232	33	124	108	3
1958	P53803	P40422	0.372881355932	58	12	22	36	1
2002	Q15493	P38235	0.219672131148	289	79	67	222	16
1249	P61599	Q06504	0.415300546448	176	21	76	100	7
1212	Q13257	P40958	0.414141414141	194	13	82	112	4
623	O60508	P40968	0.348684210526	446	142	159	287	10
492	O95478	P40078	0.620689655172	260	1	162	98	1
1059	Q6BCY4	P38626	0.393822393822	250	60	102	148	9
1390	Q86WR0	P40206	0.386934673367	191	34	77	114	8
1466	Q9BQC3	P32461	0.269151138716	461	101	130	331	22
1677	Q9Y399	P32902	0.271375464684	258	174	73	185	11
264	Q93009	P50101	0.31914893617	1044	244	345	699	37
312	P09960	Q10740	0.400326797386	595	92	245	350	17
542	P37268	P29704	0.430656934307	402	57	177	225	9
1058	O75794	Q05791	0.306547619048	325	46	103	222	11
1527	Q9Y2Y1	Q04307	0.518181818182	104	10	57	47	6
1918	Q96EY9	Q9URQ3	0.232786885246	288	97	71	217	17
1534	Q9BQG0	P39985	0.213822894168	879	592	198	681	47
1432	P48047	P09457	0.338235294118	199	27	69	130	5
568	P49915	P38625	0.377323420074	519	180	203	316	19
1050	O14757	P38147	0.297008547009	449	105	139	310	19
43	P35573	Q06625	0.397664835165	1421	226	579	842	35
1363	Q8N766	P25574	0.212534059946	698	357	156	542	36
610	P49643	P20457	0.335416666667	467	103	161	306	13
1219	P23919	P00572	0.451776649746	190	48	89	101	7
574	Q6PJI9	Q03897	0.248736097068	952	218	246	706	37
1612	P78346	P38786	0.266917293233	258	45	71	187	8
1512	Q9Y6H3	P53722	0.343137254902	195	83	70	125	9
190	O43776	P38707	0.514492753623	544	14	284	260	8
775	P40616	P38116	0.633879781421	181	2	116	65	2
626	P34949	P29952	0.385882352941	414	24	164	250	11
1550	Q9NS91	P10862	0.212189616253	424	134	94	330	19
268	Q06609	P25454	0.661807580175	339	61	227	112	4
1132	P41223	P25337	0.52027027027	144	13	77	67	4
376	P49959	P32829	0.368815592204	647	106	246	401	20
513	Q15393	Q04693	0.263959390863	1136	306	312	824	46
1878	P10746	P06174	0.25	253	34	66	187	11
1670	Q9BYD1	Q12487	0.333333333333	160	21	55	105	5
1042	Q96BW1	P18562	0.471428571429	207	111	99	108	3
188	Q9BZE4	Q02892	0.4640625	632	17	297	335	8
895	Q9Y5B0	Q03254	0.280626780627	666	361	197	469	36
562	Q13724	P53008	0.312418300654	740	190	239	501	25
844	Q92685	P38179	0.346241457859	427	42	152	275	12
629	Q96G21	P53941	0.517123287671	285	11	151	134	7
288	Q96D46	P38861	0.441117764471	492	37	221	271	9
787	Q9BU89	P47120	0.46204620462	295	37	140	155	8
1449	Q14997	P43583	0.193181818182	1669	648	340	1329	91
735	Q15435	P36047	0.440828402367	326	46	149	177	12
947	Q12887	P21592	0.336515513126	408	89	141	267	11
636	P30260	P38042	0.282157676349	705	172	204	501	18
1682	P49914	P40099	0.29	192	30	58	134	8
1869	Q02127	P28272	0.225490196078	297	115	69	228	9
2022	O00244	P38636	0.357142857143	68	5	25	43	2
1397	P46952	P47096	0.382857142857	171	121	67	104	4
510	P51665	Q08723	0.486153846154	320	22	158	162	5
809	Q9H6R4	P53254	0.239610963749	1085	213	271	814	46
329	Q9NPF4	P36132	0.652046783626	335	51	223	112	7
561	P35232	P40961	0.521897810219	272	15	143	129	2
1975	Q9NX07	P40561	0.224066390041	230	77	54	176	11
109	P48643	P40413	0.599264705882	541	21	326	215	3
1203	Q9NUP7	Q12383	0.308411214953	414	129	132	282	14
1142	O75648	Q12093	0.303896103896	372	94	117	255	13
127	P33992	P29496	0.484438430311	724	61	358	366	15
582	Q9NWZ5	P27515	0.34592445328	490	69	174	316	13
728	Q9UHW5	Q06543	0.42700729927	269	18	117	152	5
1880	O77932	P53063	0.221238938053	323	137	75	248	16
567	P46777	P26321	0.501706484642	291	12	147	144	2
1756	P30049	Q12165	0.294478527607	160	8	48	112	3
481	Q8TAT6	P33755	0.333922261484	551	86	189	362	15
807	Q32NB8	P25578	0.328767123288	493	91	168	325	18
305	P30038	P07275	0.411971830986	559	20	234	325	9
825	Q9H0R6	Q03557	0.327510917031	448	96	150	298	10
390	Q96C11	Q04585	0.384615384615	545	176	215	330	14
1499	P08621	Q00916	0.316498316498	283	171	94	189	14
1368	Q9P0I2	P36039	0.310204081633	237	40	76	161	8
746	O14744	P38274	0.287519747235	611	242	182	429	22
1651	Q96E22	Q12063	0.263157894737	257	154	70	187	9
1384	Q9NQQ7	Q03697	0.301369863014	351	105	110	241	14
1962	Q9BYD3	P51998	0.224719101124	257	83	60	197	10
1057	O15527	P53397	0.366071428571	321	79	123	198	15
379	Q15542	P38129	0.333780160858	721	156	249	472	25
2041	Q969H6	P28005	0.229299363057	152	32	36	116	5
258	P43304	P32191	0.430441898527	593	190	263	330	18
385	P53582	Q01662	0.490716180371	370	33	185	185	7
456	P13716	P05373	0.522522522523	329	14	174	155	4
802	Q32P41	P38793	0.377574370709	417	174	165	252	20
1973	Q6PI98	P32617	0.261904761905	162	34	44	118	6
994	Q9Y316	P47085	0.377483443709	293	49	114	179	9
1503	Q9NZZ3	Q03390	0.305555555556	211	26	66	145	5
575	Q8TEQ8	Q07830	0.293388429752	926	254	284	642	42
914	P60604	Q02159	0.624242424242	165	0	103	62	0
915	Q92521	P30777	0.295019157088	502	166	154	348	20
1286	Q9BV57	Q03677	0.415730337079	172	14	74	98	6
434	P19623	Q12074	0.557432432432	292	11	165	127	4
650	Q9HB07	P40093	0.431952662722	330	54	146	184	8
852	P38117	P42940	0.46511627907	253	10	120	133	5
324	Q9NY33	Q08225	0.353693181818	684	80	249	435	20
1950	P30044	P38013	0.25	171	48	45	126	9
299	P11413	P11412	0.46	491	38	230	261	9
948	Q92890	P53044	0.390476190476	306	56	123	183	9
834	O95628	P34909	0.313883299799	471	220	156	315	26
41	Q92900	P30771	0.503048780488	968	164	495	473	16
1452	Q9Y3B7	P53875	0.409395973154	145	60	61	84	4
1380	P24863	P47821	0.338461538462	255	96	88	167	5
141	P56192	P00958	0.435931307794	739	173	330	409	18
953	O00311	P06243	0.302375809935	444	193	140	304	19
1774	Q9HD34	Q6Q560	0.380434782609	91	3	35	56	1
984	Q8IW45	P36059	0.36858974359	300	84	115	185	12
1954	Q9NRP4	Q04401	0.296610169492	114	30	35	79	4
1854	Q9Y5J7	O74700	0.353658536585	80	16	29	51	2
1764	Q9UK97	Q12347	0.235820895522	318	155	79	239	17
112	P17987	P12612	0.619307832423	545	25	340	205	4
909	Q9HAU5	P38798	0.245614035088	990	381	252	738	36
53	Q6IA69	P38795	0.583684950774	705	10	415	290	6
1901	Q9P0J6	O14464	0.415730337079	83	30	37	46	6
1853	Q49B96	Q3E731	0.347826086957	90	8	32	58	2
1707	P63272	P32914	0.4	102	15	42	60	3
693	P60900	P21243	0.538461538462	244	10	133	111	3
1969	P84101	Q3E7B7	0.457627118644	57	13	27	30	2
573	Q9H501	Q06344	0.338898163606	574	331	203	371	25
1088	Q6PI26	P40486	0.269978401728	448	188	125	323	15
593	Q13895	P38333	0.377272727273	428	64	166	262	12
1232	Q3ZCQ8	Q02776	0.304093567251	329	171	104	225	13
35	P23378	P49095	0.506378802748	996	62	516	480	23
1643	Q8N3Z3	Q05473	0.285185185185	261	76	77	184	9
1987	P28328	P32800	0.248	235	106	62	173	15
429	P06132	P32347	0.511049723757	356	17	185	171	6
158	P17980	P33297	0.679069767442	428	17	292	136	2
618	P15880	P25443	0.553846153846	254	39	144	110	6
1818	P30039	P38765	0.277192982456	273	36	79	194	12
125	P49368	P39077	0.592105263158	527	25	315	212	5
662	P46782	P26783	0.668292682927	202	25	137	65	3
498	Q9H611	P07271	0.349683544304	606	288	221	385	26
1137	Q6NXT6	P40085	0.286259541985	500	123	150	350	24
1239	O43615	Q01852	0.254672897196	412	59	109	303	16
14	O14802	P04051	0.517167381974	1381	88	723	658	17
1738	Q9NXG2	P53072	0.248201438849	266	110	69	197	12
400	O75312	P53303	0.45154185022	446	53	205	241	8
555	Q9Y3T9	P39744	0.291411042945	637	185	190	447	15
1083	Q9Y5J1	P40362	0.260521042084	481	188	130	351	18
121	Q15046	P15180	0.564322469983	575	38	329	246	8
1108	O75716	Q12003	0.343234323432	295	79	104	191	8
366	O95394	P38628	0.436697247706	531	37	238	293	14
521	P05198	P20459	0.529220779221	303	13	163	140	5
519	Q16850	P10614	0.365612648221	495	43	185	310	11
420	Q9UJ83	P39994	0.385304659498	545	48	215	330	13
1871	Q86Y79	P38876	0.314285714286	165	74	55	110	10
1046	O60725	P32584	0.386554621849	233	57	92	141	5
877	Q9UI10	P12754	0.323699421965	501	172	168	333	18
1074	O75792	P53942	0.376271186441	284	38	111	173	11
1834	P14927	P00128	0.339130434783	111	16	39	72	4
990	Q8N2K1	P33296	0.408	240	29	102	138	10
1031	Q9BQ52	P36159	0.264	721	222	198	523	29
1533	O75486	P06844	0.274509803922	296	62	84	212	10
1244	P62487	P34087	0.43023255814	169	5	74	95	3
1035	Q15645	P38126	0.317647058824	408	180	135	273	17
1399	P62316	Q06217	0.513513513514	108	12	57	51	3
876	Q8TBB5	Q08979	0.284351145038	504	163	149	355	20
260	Q99570	P22219	0.280941533789	1277	258	370	907	40
1295	Q8NFV4	P53219	0.302180685358	309	39	97	212	12
683	Q8TDN6	Q08235	0.450704225352	279	86	128	151	5
115	P78371	P39076	0.650943396226	526	10	345	181	4
776	Q96H96	P32378	0.372928176796	354	35	135	219	8
206	P61160	P32381	0.661577608142	390	5	260	130	3
673	Q15008	Q06103	0.36523929471	389	40	145	244	8
1943	O75347	P48606	0.285714285714	101	12	30	71	4
1999	Q9NWU2	P40208	0.242290748899	218	247	55	163	9
485	O00231	Q12377	0.423529411765	418	20	180	238	7
74	P49736	P29469	0.50488997555	804	164	413	391	14
635	O00400	P38318	0.327345309381	489	131	164	325	12
600	O75191	P42826	0.334572490706	526	84	180	346	12
1828	Q9BSV6	P39707	0.245421245421	258	69	67	191	15
1566	Q01658	Q92317	0.351351351351	145	32	52	93	3
1415	Q96S15	Q08281	0.218249075216	764	603	177	587	47
1830	Q9NV56	P53911	0.245614035088	161	307	42	119	10
596	Q9Y5Y2	P40558	0.492753623188	271	22	136	135	5
886	Q15738	P53199	0.366568914956	333	56	125	208	8
412	O43660	Q12417	0.403973509934	439	87	183	256	14
1551	Q9UJ68	P40029	0.344444444444	174	71	62	112	6
552	Q13347	P40217	0.449848024316	325	22	148	177	4
1307	P14314	Q04924	0.253731343284	506	218	136	370	30
1826	Q8N954	Q06152	0.252212389381	218	123	57	161	8
76	P53618	P41810	0.426624737945	941	44	407	534	13
217	Q9NPH2	P11986	0.508704061896	509	73	263	246	8
1280	Q13889	Q12004	0.292063492063	305	36	92	213	10
45	Q9H9Y6	P22138	0.443071491615	1114	110	502	612	19
1575	O43583	P47089	0.320224719101	172	52	57	115	6
1932	Q9Y5U9	Q3E834	0.423529411765	82	3	36	46	3
463	Q68CQ4	P40498	0.324894514768	684	109	231	453	27
1968	Q14894	P53110	0.259493670886	298	88	82	216	18
1927	Q9BTT4	Q06213	0.251798561151	135	22	35	100	4
1345	Q15003	P38170	0.215568862275	636	223	144	492	32
1332	Q9NNW5	Q08924	0.199398797595	953	228	199	754	45
1907	P63173	P49167	0.535211267606	69	10	38	31	2
1049	Q9UBE0	Q06624	0.338235294118	330	33	115	215	10
594	Q9BW19	P17119	0.345425867508	611	180	219	392	23
1516	P50336	P40012	0.242362525458	469	78	119	350	22
491	P07902	P08431	0.450980392157	352	41	161	191	5
435	Q9Y6V7	P38719	0.481308411215	418	78	206	212	10
11	Q8N3C0	P53327	0.428643981717	1924	321	844	1080	45
1177	Q4G176	P38137	0.264875239923	503	113	138	365	18
401	Q9UBF8	P39104	0.337482710927	695	492	244	451	28
1814	Q5JQF8	Q99181	0.27135678392	192	29	54	138	7
262	Q9BZJ0	Q12309	0.38846737481	645	245	256	389	14
551	P23396	P05750	0.648760330579	240	3	157	83	2
1153	O43772	Q12289	0.324414715719	291	46	97	194	8
1805	Q14197	Q12322	0.258536585366	196	16	53	143	9
665	Q92994	P29056	0.336397058824	524	225	183	341	20
1138	Q9UKD2	P33201	0.384955752212	223	29	87	136	3
828	Q8TD22	Q12029	0.393188854489	318	31	127	191	5
773	P50750	Q03957	0.361878453039	353	194	131	222	9
465	P50213	P28241	0.51902173913	360	15	191	169	8
589	Q9BRS2	Q12196	0.404867256637	432	188	183	249	20
1387	P00846	P00854	0.336206896552	225	35	78	147	7
1265	Q8TCT9	P34248	0.26455026455	365	234	100	265	13
416	Q13601	P25586	0.596214511041	313	71	189	124	4
117	Q9Y2I7	P34756	0.278670953912	1779	818	520	1259	87
1403	P26885	P32472	0.489051094891	132	13	67	65	5
933	Q06265	Q05636	0.356902356902	291	162	106	185	6
935	P53007	P38152	0.360269360269	291	28	107	184	6
798	Q9GZT4	P36007	0.401812688822	325	16	133	192	6
1090	Q9HAB8	P40506	0.387622149837	297	82	119	178	10
1803	P12956	P32807	0.195578231293	566	79	115	451	22
1275	Q8WWH5	P48567	0.31724137931	279	194	92	187	11
758	Q8TED0	Q04305	0.298804780876	487	57	150	337	15
1028	P61962	Q12523	0.383233532934	323	219	128	195	11
700	Q969Y2	P32559	0.354124748491	486	46	176	310	11
1914	Q15543	P11747	0.264150943396	103	85	28	75	3
706	Q7Z4G4	Q12463	0.341801385681	422	52	148	274	11
1043	Q9BPX3	Q06680	0.227642276423	946	158	224	722	38
397	P35520	P32582	0.425925925926	477	104	207	270	9
1075	Q14249	P08466	0.354515050167	289	48	106	183	10
795	Q06203	P04046	0.327380952381	489	49	165	324	15
1694	Q9UK45	P53905	0.435643564356	97	24	44	53	4
330	P00966	P22768	0.492788461538	411	10	205	206	5
381	P51659	Q02207	0.440129449838	603	430	272	331	15
615	Q5JPH6	P48525	0.353281853282	504	51	183	321	14
98	P14735	Q06010	0.371541501976	998	50	376	622	14
721	P25788	P21242	0.503875968992	254	35	130	124	4
908	Q13868	P38792	0.418918918919	286	80	124	162	10
1151	O15144	P53731	0.361290322581	295	52	112	183	15
1447	O14777	P40460	0.224052718287	581	171	136	445	26
1799	P62314	Q02260	0.454545454545	117	31	55	62	4
711	Q9UBZ9	P12689	0.280459770115	830	576	244	586	40
357	P04181	P07991	0.521739130435	407	49	216	191	7
383	Q96G46	Q06053	0.37519872814	608	102	236	372	21
704	P00414	P00420	0.433460076046	261	8	114	147	2
344	O00743	P20604	0.62012987013	305	6	191	114	3
860	Q14232	P14741	0.413114754098	301	8	126	175	4
2024	Q53FT3	Q08202	0.259067357513	185	73	50	135	8
84	Q8N122	P38873	0.404306220096	1220	452	507	713	34
724	Q9UK59	P24309	0.393767705382	342	265	139	203	11
965	P12004	P15873	0.353846153846	258	3	92	166	2
1331	Q9Y234	P47051	0.283950617284	313	156	92	221	11
1264	O43148	P32783	0.290167865707	398	116	121	277	19
1176	O43292	P39012	0.278458844133	547	141	159	388	24
791	Q99543	P32527	0.349315068493	421	212	153	268	17
522	P40926	P17505	0.52994011976	329	14	177	152	5
1989	Q5TGZ0	Q96VH5	0.346666666667	73	29	26	47	2
322	Q96QK1	P34110	0.349165596919	758	224	272	486	21
1003	Q9NY12	P28007	0.550264550265	181	60	104	77	8
797	P48444	P43621	0.317919075145	499	59	165	334	20
1658	O43513	Q08278	0.324468085106	180	95	61	119	8
106	P43246	P25847	0.418378378378	909	80	387	522	16
1469	Q9UK41	Q02767	0.301801801802	214	35	67	147	8
1606	Q9NR50	P09032	0.22440087146	442	146	103	339	17
1884	Q9HD47	P47123	0.266666666667	173	58	48	125	7
1400	Q9Y3A2	P34247	0.314516129032	243	17	78	165	5
1898	P24539	P05626	0.214574898785	239	22	53	186	8
1991	Q9Y3B4	P40565	0.284615384615	125	23	37	88	5
1373	P49755	P54837	0.365384615385	201	28	76	125	7
544	Q13144	P32501	0.281869688385	685	63	199	486	21
1890	Q6ICL3	P53275	0.285714285714	258	72	78	180	15
601	Q9UBP6	Q12009	0.56640625	252	58	145	107	4
1680	P23025	P28519	0.264084507042	268	108	75	193	16
1737	P57740	P52891	0.206085753804	695	261	149	546	28
239	Q9BSC4	P48234	0.405604719764	659	77	275	384	19
408	P46199	P25038	0.32892804699	664	75	224	440	17
1479	Q9UBS8	Q04638	0.245327102804	409	120	105	304	19
411	O00232	Q12250	0.407158836689	441	19	182	259	6
58	Q9H9T3	Q02908	0.733695652174	546	12	405	141	6
937	Q15800	P53045	0.368243243243	290	22	109	181	6
285	P51649	P38067	0.465863453815	491	50	232	259	7
541	O95363	P08425	0.389277389277	415	90	167	248	14
1629	Q9NZM5	Q12080	0.245412844037	416	101	107	309	20
308	Q9NY93	Q06218	0.433823529412	534	73	236	298	10
1152	O15145	Q05933	0.443820224719	173	10	79	94	5
1735	P52434	P20436	0.344827586207	139	18	50	89	6
1691	P60002	P36053	0.47619047619	82	64	40	42	2
196	Q9Y2Z2	P53070	0.45889387145	655	76	307	348	14
371	Q9Y2R4	P45818	0.409660107335	545	73	229	316	14
295	P20585	P25336	0.319761668322	975	205	322	653	32
1574	O60931	P17261	0.279352226721	235	157	69	166	12
320	Q9Y276	P32839	0.490476190476	414	47	206	208	6
1144	Q9BTE6	P53960	0.305084745763	401	66	126	275	12
367	Q9BZG8	P40487	0.487745098039	400	68	199	201	8
972	P20042	P09064	0.433566433566	276	66	124	152	10
1525	O14746	Q06163	0.217342342342	855	306	193	662	33
234	Q13823	P53742	0.52489626556	476	265	253	223	6
939	Q9Y6N1	P19516	0.446640316206	248	80	113	135	5
346	P49591	P07284	0.483660130719	448	80	222	226	11
138	Q9NVP1	Q03532	0.590998043053	504	167	302	202	7
399	P04818	P06785	0.619528619529	293	31	184	109	4
1552	Q9NXR8	P50947	0.279279279279	320	108	93	227	13
1541	P00813	P53909	0.242774566474	334	42	84	250	12
1023	O15258	P25560	0.436842105263	188	8	83	105	2
301	Q9Y5P6	P41940	0.578947368421	360	1	209	151	1
2029	Q86W74	P25631	0.265	189	76	53	136	11
1036	Q6NVY1	P28817	0.33164556962	379	128	131	248	16
1315	Q9HAV4	P52918	0.196443691787	1130	168	232	898	51
792	Q9H7B2	P36160	0.438311688312	303	44	135	168	5
658	P28066	P32379	0.606557377049	241	19	148	93	3
1398	P41214	Q04600	0.249554367201	535	79	140	395	26
454	P63244	P38011	0.531446540881	313	10	169	144	5
1121	Q9H269	Q03308	0.221216041397	744	149	171	573	29
103	Q14566	P53091	0.448979591837	818	202	374	444	15
139	Q92698	P32863	0.465679676985	725	195	346	379	18
17	P41252	P09436	0.531598513011	1067	200	572	495	9
1037	Q9BV79	P38071	0.354107648725	341	71	125	216	12
1847	P62072	P87108	0.317647058824	82	19	27	55	3
1362	Q6UWH6	P38869	0.381443298969	189	46	74	115	5
530	O00267	P27692	0.269271383316	905	340	255	650	42
1951	Q5BJF2	Q12155	0.294871794872	149	39	46	103	7
427	O15213	P40055	0.392923649907	522	120	211	311	15
284	Q9Y285	P15625	0.479125248509	494	23	241	253	9
1250	Q9NRA0	Q12246	0.234676007005	550	178	134	416	21
1009	Q9NX74	P53720	0.35261707989	350	177	128	222	13
605	Q6P1R4	P53759	0.419023136247	378	140	163	215	11
843	P19387	P16370	0.447272727273	269	55	123	146	6
1404	P24666	P40347	0.4	156	7	64	92	4
100	Q99460	P32565	0.43825136612	899	100	401	498	16
727	Q7Z569	P38748	0.324427480916	508	161	170	338	16
198	P62333	P53549	0.671794871795	389	48	262	127	1
1214	Q92541	P53064	0.246350364964	525	218	135	390	23
1953	Q96NC0	Q12368	0.206349206349	180	33	39	141	9
963	Q9NV31	P32899	0.524324324324	182	3	97	85	3
107	P22102	P07244	0.446406052963	783	246	354	429	10
1308	Q8N6T3	P35197	0.290625	308	142	93	215	12
1760	Q9Y256	Q03530	0.278745644599	271	102	80	191	16
1288	Q9H8Y5	Q04311	0.266086956522	548	262	153	395	27
1961	Q8WV22	Q07913	0.248962655602	227	148	60	167	14
643	Q00325	P40035	0.473333333333	292	78	142	150	8
235	Q92562	P42837	0.367802585194	823	140	313	510	28
201	P48449	P38604	0.403846153846	715	33	294	421	13
1924	Q07326	Q06636	0.258064516129	176	86	48	128	10
257	Q14974	Q06142	0.336793540946	849	39	292	557	18
1024	P04179	P00447	0.426666666667	220	15	96	124	5
404	Q03701	Q12176	0.302900107411	897	285	282	615	34
50	P61221	Q03195	0.683250414594	599	9	412	187	4
1748	Q96EK6	P43577	0.315789473684	148	47	48	100	4
331	Q12986	P53971	0.319496855346	765	555	254	511	30
4	Q14204	P36022	0.297721146778	4008	722	1215	2793	73
118	P33991	P30665	0.445100354191	830	136	377	453	17
353	Q9NTK5	P38219	0.530456852792	388	14	209	179	6
1337	O95619	P53930	0.339622641509	204	45	72	132	8
187	Q92878	P12753	0.295974743489	1226	172	375	851	41
1729	P62306	P54999	0.525	77	18	42	35	3
457	P36957	P19262	0.451685393258	436	44	201	235	9
309	Q08J23	P38205	0.363241678726	674	103	251	423	17
722	Q9BT22	P16661	0.362416107383	436	41	162	274	11
1423	Q9Y333	P38203	0.631578947368	95	0	60	35	0
293	Q8NI36	Q06078	0.316371681416	885	120	286	599	19
220	A5YKK6	P25655	0.254245754246	1919	646	509	1410	83
928	P49848	P53040	0.288659793814	471	251	140	331	14
581	Q8IYB8	P32580	0.323262839879	633	257	214	419	29
941	P10768	P40363	0.388888888889	279	23	112	167	9
1771	Q16635	Q06510	0.251700680272	281	111	74	207	13
632	Q14191	P35187	0.261923377639	1225	429	335	890	54
1073	P62750	P04456	0.615384615385	142	14	88	54	1
487	P40937	P38629	0.489614243323	332	16	165	167	5
1395	P55789	P27882	0.363636363636	160	74	60	100	5
1048	Q8NI27	P53552	0.217888365837	1420	350	324	1096	67
32	P53621	P53622	0.438741721854	1186	53	530	656	22
347	Q9P2K8	P15442	0.267463813719	1527	254	425	1102	62
1827	Q9BZD4	P33895	0.234042553191	405	105	99	306	18
1904	Q9Y6W3	Q03792	0.23652173913	538	464	136	402	37
2020	Q9Y244	P38293	0.234482758621	140	9	34	106	5
476	P27694	P22336	0.323529411765	599	39	198	401	13
1692	Q96LU5	P28627	0.347305389222	161	34	58	103	6
1396	O14929	Q12341	0.256756756757	360	73	95	265	10
1092	Q8N9T8	P42846	0.282456140351	542	210	161	381	28
355	Q92889	P06777	0.314507198228	877	262	284	593	26
2039	Q8WV07	P53846	0.248120300752	128	43	33	95	5
518	Q13867	Q01532	0.386462882096	445	48	177	268	13
670	Q9H6U8	P53868	0.32962962963	523	120	178	345	17
628	P13804	Q12480	0.441176470588	333	11	150	183	7
214	P52701	Q03834	0.327630453379	1130	342	383	747	39
754	Q9BRX2	P33309	0.337696335079	376	19	129	247	6
1747	P61604	P38910	0.409523809524	102	4	43	59	3
164	O75027	P40416	0.4500723589	677	88	311	366	14
1502	Q96T52	P46972	0.36312849162	173	6	65	108	6
653	Q01780	Q12149	0.297407912688	702	214	218	484	31
698	O75844	P47154	0.37528604119	428	72	164	264	9
1569	Q9UMS4	P32523	0.248434237996	451	105	119	332	28
360	P52732	P28742	0.310689310689	962	243	311	651	39
681	Q13112	Q04199	0.356659142212	431	165	158	273	12
725	Q9H9Y4	Q08726	0.418831168831	301	55	129	172	7
645	Q9NQH7	P40051	0.336048879837	478	62	165	313	13
495	Q504Q3	P53010	0.262626262626	1051	215	286	765	38
1768	P32780	P32776	0.218518518519	507	176	118	389	33
1041	Q86SQ9	P35196	0.401459854015	267	85	110	157	7
938	Q9H4K7	P38860	0.341145833333	374	176	131	243	10
1322	Q9NX24	P32495	0.456375838926	145	19	68	77	4
922	Q00341	P06105	0.216940363008	1116	258	251	865	41
225	P49411	P02992	0.567505720824	432	25	248	184	5
1437	Q0GE19	Q05131	0.23782234957	340	94	83	257	9
18	O14841	P28273	0.492822966507	1236	102	618	618	18
752	O43709	P25627	0.464028776978	274	8	129	145	4
1967	P22234	P27616	0.221014492754	264	203	61	203	12
1900	Q6RFH5	P53136	0.231607629428	344	160	85	259	23
362	Q9P2R7	P53312	0.459016393443	424	42	196	228	3
64	Q9ULG1	P53115	0.392772977219	1225	595	500	725	48
677	P23786	P80235	0.316666666667	579	187	190	389	21
1289	Q9UNI6	Q02256	0.290419161677	322	60	97	225	12
392	O60524	Q12532	0.298086606244	956	202	296	660	37
732	O43172	P20053	0.322580645161	455	77	150	305	10
1788	P62308	P40204	0.513157894737	74	5	39	35	2
1881	P60059	P35179	0.441176470588	66	16	30	36	2
261	Q9NVX2	P25382	0.473469387755	479	42	232	247	11
1504	Q9ULX3	Q08444	0.278606965174	378	115	112	266	24
929	Q15257	P40454	0.373456790123	315	121	121	194	9
1101	Q6UXN9	P36104	0.324921135647	311	20	103	208	6
1174	O00762	P52492	0.525316455696	154	27	83	71	4
1992	Q9NPA8	Q6WNK7	0.275510204082	95	7	27	68	3
1126	Q969X6	Q06679	0.249637155298	661	140	172	489	28
1789	P78330	P42941	0.262008733624	222	90	60	162	7
1652	Q9NYG5	Q12157	0.488372093023	84	81	42	42	2
1874	Q9Y3B9	Q06511	0.264573991031	210	112	59	151	13
1638	O14734	P41903	0.255663430421	300	68	79	221	9
1134	P49770	P32502	0.336134453782	345	42	120	225	12
1640	O15116	P47017	0.36641221374	125	55	48	77	6
2028	P82932	P28778	0.261904761905	120	16	33	87	6
625	P50613	P06242	0.465798045603	303	46	143	160	4
104	Q9UQE7	P47037	0.327257663629	1190	67	395	795	17
428	P53384	P52920	0.525641025641	309	30	164	145	3
767	Q8WV93	P32317	0.354485776805	438	114	162	276	19
339	Q969S9	P39677	0.376518218623	719	160	279	440	22
1133	P04843	P41543	0.252676659529	450	183	118	332	17
1855	Q9NUM3	Q12067	0.261194029851	258	104	70	188	10
2030	Q8N2Z9	Q3E835	0.268817204301	90	48	25	65	3
328	P15104	P32288	0.528301886792	366	11	196	170	5
1450	Q8NI37	P38797	0.31715210356	298	51	98	200	11
460	Q99797	P35999	0.304895104895	700	85	218	482	15
405	Q8IY18	Q08204	0.281663516068	1027	140	298	729	31
1526	Q9NZJ6	P27680	0.290780141844	272	137	82	190	10
1693	Q8TBQ9	Q8TGJ3	0.602739726027	71	2	44	27	2
388	O14617	Q08951	0.290540540541	859	367	258	601	29
1383	Q9BY32	P47119	0.40206185567	188	15	78	110	6
97	P0CG48	P0CG63	0.953002610966	381	304	365	16	2
788	Q9NRX1	Q99216	0.5	248	30	127	121	6
659	O75845	P32353	0.425249169435	296	72	128	168	5
1094	Q8WVB6	P49956	0.24765729585	717	282	185	532	30
1277	Q9UPQ8	P20048	0.248434237996	455	147	119	336	24
1868	O75208	Q05779	0.236641221374	251	76	62	189	11
131	P23526	P39954	0.710344827586	432	17	309	123	3
743	P25787	P23639	0.590717299578	232	20	140	92	5
1477	Q86SX6	Q02784	0.405594405594	138	31	58	80	5
1570	Q9NPF5	P53201	0.229885057471	411	121	100	311	24
1916	Q9NWV4	P25654	0.243902439024	158	26	40	118	6
2035	Q9NZ43	P53146	0.207468879668	230	44	50	180	11
413	P56537	Q12522	0.722448979592	245	0	177	68	0
1296	Q9UBQ7	P53839	0.32298136646	310	58	104	206	12
563	Q9H8H2	P36120	0.312680115274	673	247	217	456	21
1143	Q14694	Q01477	0.247119078105	744	222	193	551	37
780	Q9H270	P12868	0.22761596548	891	188	211	680	36
1618	Q9H446	Q03768	0.295652173913	218	72	68	150	12
145	P25205	P24279	0.460687960688	793	193	375	418	21
2023	P57088	Q12164	0.223107569721	239	48	56	183	12
608	Q7Z695	Q02981	0.315789473684	554	175	180	374	16
10	O75643	P32639	0.398683591913	2087	125	848	1239	40
894	Q9Y673	P40350	0.39263803681	314	30	128	186	12
1715	P52657	P32774	0.392523364486	104	23	42	62	3
878	Q9Y221	Q08962	0.563535911602	180	1	102	78	1
1809	A0PJX2	Q08952	0.276018099548	211	66	61	150	10
1267	Q8WVE0	P53200	0.398190045249	213	36	88	125	8
186	P18858	P04819	0.413071895425	749	176	316	433	16
2032	P57054	Q04082	0.223076923077	125	48	29	96	5
766	P00480	P05150	0.369696969697	324	44	122	202	6
823	Q9Y2Z9	P53318	0.314410480349	449	49	144	305	9
12	P30876	P08518	0.594548551959	1162	74	698	464	12
747	P49642	P10363	0.325	391	47	130	261	9
1235	Q15291	P39706	0.287769784173	400	164	120	280	17
1645	Q96FZ7	Q04272	0.28078817734	195	32	57	138	8
710	Q7L3T8	P39965	0.334831460674	429	193	149	280	16
1451	Q9UNS1	P53840	0.217349857007	992	462	228	764	57
694	Q9HCS7	Q04048	0.25	774	166	200	574	26
1248	O14735	P06197	0.401913875598	205	23	84	121	4
1179	Q96NY9	Q04149	0.266294227188	519	145	143	376	18
663	Q7KZN9	P40086	0.392771084337	404	88	163	241	11
810	Q9Y5K8	P32610	0.496	245	13	124	121	5
71	Q96RP9	P25039	0.53288590604	733	46	397	336	12
140	P50991	P39078	0.584120982987	524	19	309	215	5
1025	Q9H993	Q04371	0.293721973094	433	45	131	302	13
1806	Q9P1U0	P32529	0.352941176471	116	19	42	74	3
1089	Q9P253	P27801	0.221468926554	851	189	196	655	34
1787	Q16342	P25040	0.229226361032	330	92	80	250	19
717	Q9UJX2	P16522	0.328413284133	520	183	178	342	22
2025	Q6ZYL4	Q3E7C1	0.257142857143	68	7	18	50	2
753	P30793	P51601	0.526748971193	237	19	128	109	6
543	Q13042	P09798	0.304635761589	590	280	184	406	14
1067	Q8WUM4	Q12033	0.25	652	225	168	484	20
763	P54578	P43593	0.327695560254	460	73	155	305	13
446	Q96PZ0	Q08647	0.371287128713	584	169	225	359	22
944	O75879	P33893	0.302504816956	501	96	157	344	18
437	P55884	P06103	0.307365439093	685	207	217	468	21
661	P08240	P32916	0.350086655113	558	143	202	356	19
2010	P56277	Q3E7A9	0.289855072464	66	9	20	46	3
1769	P61009	Q12133	0.251396648045	173	18	45	128	6
174	Q9UG63	P40024	0.495098039216	602	29	303	299	10
236	P04424	P04076	0.540948275862	460	7	251	209	4
777	Q9Y606	Q12211	0.342105263158	406	159	143	263	12
240	Q9Y295	P39729	0.655826558266	367	2	242	125	2
154	Q9Y5B9	P32558	0.348605577689	979	124	350	629	25
474	O15457	P40965	0.290763968073	854	106	255	599	23
1960	Q9BRJ6	P25617	0.213930348259	193	98	43	150	8
68	Q04446	P32775	0.586705202312	678	50	406	272	14
359	Q9Y4C8	Q06106	0.321184510251	851	145	282	569	27
668	Q5U5R9	P40985	0.289682539683	727	214	219	508	29
1546	Q9Y3E7	P36095	0.276018099548	218	10	61	157	3
148	P62495	P12385	0.671264367816	431	12	292	139	4
450	Q16719	Q05979	0.453724604966	429	60	201	228	14
87	P25705	P07251	0.702752293578	541	16	383	158	4
1988	Q7Z6J8	P47172	0.211143695015	325	86	72	253	16
804	P08397	P28789	0.399390243902	320	48	131	189	8
1207	Q7L211	P42840	0.333333333333	280	61	96	184	8
1937	Q8N5M1	P22135	0.221830985915	271	72	63	208	13
1155	Q9Y484	P43601	0.296089385475	345	170	106	239	13
1033	Q9Y3A5	Q07953	0.407258064516	244	12	101	143	4
458	Q14152	P38249	0.289587852495	891	564	267	624	31
588	Q9BVS4	P40160	0.403465346535	393	191	163	230	11
1616	Q9BWT6	P53102	0.266666666667	205	14	56	149	5
967	Q7Z7B1	P47026	0.348484848485	449	96	161	288	13
136	Q9Y230	Q12464	0.665948275862	460	14	309	151	4
1974	Q6UW68	Q06089	0.262195121951	158	34	43	115	6
326	O00541	P53261	0.409722222222	562	69	236	326	14
1716	P39210	Q06563	0.290502793296	176	21	52	124	3
1002	P36542	P38077	0.38	294	21	114	180	6
249	Q8TDD1	Q12389	0.385714285714	817	242	324	493	23
1197	Q9UBQ0	P38759	0.443243243243	180	104	82	98	5
253	P48506	P32477	0.431279620853	618	79	273	345	15
1109	Q9NT62	P40344	0.361111111111	281	62	104	177	7
1056	O15182	P06704	0.558282208589	161	6	91	70	2
1188	O43159	P38961	0.350148367953	323	202	118	205	14
2	Q9NU22	Q12019	0.317496385044	4666	1174	1537	3129	175
930	Q96T76	P40469	0.249746192893	949	164	246	703	36
734	Q13610	P21304	0.355289421158	485	107	178	307	16
1681	O14530	Q04004	0.290178571429	216	24	65	151	8
1014	P30085	P15700	0.474226804124	191	18	92	99	3
1078	Q96FX7	P46959	0.39527027027	285	102	117	168	11
612	Q96I59	P25345	0.375796178344	456	57	177	279	15
336	Q13535	P38111	0.226117440841	2188	636	516	1672	94
1883	Q9BRT9	Q03406	0.226086956522	223	71	52	171	7
1511	Q9NY61	Q06631	0.267368421053	450	194	127	323	25
430	P09110	P27796	0.503597122302	407	27	210	197	10
553	Q6PI48	P15179	0.346405228758	590	123	212	378	22
537	P08574	P07143	0.513333333333	294	46	154	140	6
1592	Q8IUR0	Q03337	0.292553191489	183	105	55	128	5
1243	P43034	P39946	0.287769784173	397	110	120	277	20
1372	P62888	P14120	0.570093457944	105	10	61	44	2
1959	Q6GMV2	P38890	0.245179063361	346	252	89	257	17
2034	Q8N983	Q06090	0.219858156028	137	81	31	106	4
1860	Q96EB1	Q02884	0.257985257985	385	110	105	280	22
1923	Q53S33	P39724	0.294117647059	98	29	30	68	4
966	Q53GS9	P43589	0.306487695749	430	153	137	293	17
514	Q9UBT2	P52488	0.345047923323	604	68	216	388	22
1119	P63208	P52286	0.506024096386	162	33	84	78	4
993	P62805	P02309	0.922330097087	103	0	95	8	0
703	O94822	Q04781	0.232450331126	1439	450	351	1088	71
606	Q9NWU1	P39525	0.408983451537	412	77	173	239	11
20	P55072	P25694	0.689655172414	806	29	560	246	6
163	O95427	P36051	0.374863387978	895	60	343	552	20
1710	Q9BYG3	P53927	0.311764705882	164	185	53	111	6
955	Q7Z3U7	P48563	0.209437621202	1474	405	324	1150	73
1294	P42696	Q08208	0.315	379	131	126	253	21
1873	Q9BSH5	Q04223	0.237154150198	243	67	60	183	10
467	Q15021	Q06156	0.256698357822	1128	321	297	831	29
63	Q14692	Q08965	0.433216168717	1105	255	493	612	33
438	Q14565	P25453	0.526785714286	333	8	177	156	3
1489	Q9BQ83	P38324	0.256505576208	256	67	69	187	13
1166	Q969S0	P40004	0.289552238806	329	15	97	232	6
1407	Q9HC21	P53257	0.259615384615	304	26	81	223	8
1519	Q8TBK2	Q12504	0.248291571754	412	143	109	303	27
1077	Q08AI6	P39981	0.28835978836	371	144	109	262	7
1439	Q7Z6V5	P47058	0.365714285714	170	101	64	106	5
1662	Q9NQT4	P53256	0.278301886792	207	44	59	148	5
369	O43766	P32875	0.537234042553	368	50	202	166	8
1613	P32320	Q06549	0.368055555556	139	10	53	86	5
817	Q969H0	P39014	0.275800711744	542	263	155	387	20
1421	P39656	P33767	0.241134751773	408	70	102	306	15
1755	Q3KRA6	P36154	0.3515625	126	29	45	81	2
714	Q15637	Q12186	0.358531317495	444	227	166	278	19
230	P38919	Q12099	0.606516290727	396	18	242	154	3
1343	O60294	Q08282	0.251612903226	593	195	156	437	27
1346	Q7RTV0	Q06835	0.546296296296	106	5	59	47	2
1292	O43395	Q03338	0.256292906178	416	320	112	304	21
1676	Q5JVF3	P47130	0.22480620155	371	80	87	284	16
1797	O95568	P40481	0.247838616715	332	85	86	246	15
176	O75691	P35194	0.234154218813	2398	482	580	1818	79
1536	Q9H967	Q12510	0.258474576271	449	250	122	327	23
564	Q9UKM7	P32906	0.388329979879	479	290	193	286	18
1641	Q6IPR3	P53177	0.288617886179	236	60	71	165	10
13	Q9NW08	P22276	0.62323943662	1124	34	708	416	12
77	O95347	P38989	0.365269461078	1160	47	427	733	9
874	O95749	Q12051	0.409240924092	294	47	124	170	9
393	Q12788	Q05946	0.3125	767	91	245	522	17
37	P28340	P15436	0.489262371615	1052	100	524	528	19
1259	Q9Y3B8	P54964	0.347107438017	237	32	84	153	5
1231	P62877	Q08273	0.572727272727	108	13	63	45	2
137	P07954	P08417	0.646341463415	487	24	318	169	5
1388	P29083	P36100	0.248259860789	415	91	107	308	16
806	P22570	P48360	0.336152219873	459	66	159	300	14
1016	Q96GX9	P47095	0.443037974684	231	24	105	126	6
1276	Q96P70	P53067	0.21494370522	935	175	210	725	42
1305	Q9UKK9	Q01976	0.371559633028	211	28	81	130	7
1434	Q96KG9	Q12453	0.219076005961	648	273	147	501	23
1757	P57081	Q03774	0.255208333333	362	132	98	264	22
835	P13051	P12887	0.433121019108	303	66	136	167	11
1047	Q6P3W7	P53009	0.227040816327	745	243	178	567	39
580	O43681	Q12154	0.468277945619	323	56	155	168	8
1273	O75821	Q04067	0.297101449275	267	60	82	185	9
1870	Q8NHR9	P07274	0.2734375	126	3	35	91	2
1241	O00519	P22580	0.254752851711	509	110	134	375	17
1993	Q9UQ10	Q04869	0.25	303	77	81	222	21
477	Q9H583	P42945	0.242476851852	1647	619	419	1228	81
1669	Q96F25	P38242	0.350230414747	207	39	76	131	10
1811	P62310	P57743	0.395348837209	83	25	34	49	3
1547	Q9ULW3	P53743	0.278225806452	238	112	69	169	10
816	Q70HW3	P38921	0.454212454212	267	24	124	143	6
496	Q2NL82	Q07381	0.301546391753	754	84	234	520	22
470	Q9UM11	P53197	0.392	489	84	196	293	11
384	P21912	P21801	0.674157303371	262	22	180	82	5
3	P27708	P07259	0.512373968836	2149	141	1118	1031	33
1976	Q9Y3E2	Q3E793	0.32380952381	99	49	34	65	6
1819	Q14CX7	Q12387	0.216981132075	705	358	161	544	37
1406	Q96E52	P36163	0.25	336	197	87	249	12
1591	P78383	Q12520	0.260869565217	311	39	84	227	11
1501	Q6UWP2	Q05016	0.301526717557	253	21	79	174	9
210	Q15031	P11325	0.367935409458	843	111	319	524	24
638	Q92759	Q02939	0.365426695842	449	77	167	282	8
1637	O75683	P36080	0.257617728532	341	113	93	248	20
1336	P25208	P13434	0.455782312925	143	65	67	76	4
980	Q6P3X3	P42842	0.233128834356	787	173	190	597	28
1683	P78318	Q04372	0.243975903614	316	73	81	235	16
1646	Q9BSH4	P53212	0.273062730627	259	69	74	185	12
2005	Q9BRS8	P33399	0.221818181818	260	246	61	199	15
1899	P62312	Q06406	0.41975308642	78	10	34	44	3
453	P53611	P20133	0.504643962848	318	20	163	155	5
1091	Q9GZN1	Q12509	0.28320802005	388	58	113	275	11
916	Q96EE3	P53011	0.367088607595	307	95	116	191	9
1202	Q9NYA1	Q06147	0.259946949602	361	349	98	263	16
639	Q9H3S5	P47088	0.3825	392	42	153	239	8
451	Q9NTJ5	P32368	0.354452054795	572	66	207	365	12
796	O95202	Q08179	0.307832422587	526	260	169	357	23
1590	Q15287	P27476	0.281045751634	287	145	86	201	19
2015	O60783	P10663	0.275862068966	112	19	32	80	4
1136	P36915	P53145	0.271626297578	554	139	157	397	24
1963	Q9H3K6	P53082	0.32183908046	85	36	28	57	2
768	Q8WU90	Q12000	0.428977272727	335	101	151	184	17
1162	O75419	Q08032	0.260945709282	550	116	149	401	21
508	Q92600	P53829	0.570446735395	288	96	166	122	3
899	P27449	P25515	0.683870967742	153	9	106	47	2
1316	Q9Y3D0	P38829	0.479041916168	163	68	80	83	4
1675	O00623	Q04370	0.212290502793	339	80	76	263	19
1115	Q8N6M5	P25335	0.322188449848	317	100	106	211	12
1795	P20674	P00427	0.331125827815	147	4	50	97	4
1762	Q8N7H5	P38351	0.23488372093	408	160	101	307	22
129	P06744	P12709	0.574545454545	544	24	316	228	6
1939	Q9Y3D3	Q02608	0.344827586207	111	36	40	71	5
67	P19447	Q00578	0.543927648579	754	117	421	333	20
793	P55263	P47143	0.383480825959	332	38	130	202	7
687	O15269	P25045	0.344398340249	470	91	166	304	12
1841	Q9P287	Q06338	0.235714285714	269	59	66	203	11
1741	O75586	P38782	0.297674418605	203	135	64	139	12
409	P32929	P31373	0.503797468354	387	25	199	188	8
1838	Q9Y4Z0	P40070	0.330882352941	133	60	45	88	3
1595	Q9H9E3	Q06096	0.201550387597	744	158	156	588	30
1858	Q53GS7	Q12315	0.227272727273	478	280	115	363	28
332	Q14690	Q05022	0.280076384468	1525	550	440	1085	46
1601	Q2TAA2	P41734	0.321739130435	221	44	74	147	9
1518	Q9H477	P25332	0.287539936102	302	51	90	212	11
887	Q8NBF6	Q12500	0.289523809524	504	404	152	352	21
1206	O15260	P53337	0.327137546468	263	53	88	175	6
757	O75153	Q03690	0.24735915493	1095	396	281	814	41
1411	Q69YN2	P53255	0.262425447316	475	95	132	343	28
44	P49588	P40825	0.502087682672	945	61	481	464	13
1195	Q99807	P41735	0.420560747664	209	32	90	119	5
923	P49005	P46957	0.3125	434	88	140	294	14
1201	Q96H20	Q12483	0.361344537815	233	25	86	147	5
395	P37287	P32363	0.438752783964	441	54	197	244	8
1602	Q9H3S4	P35202	0.282868525896	243	76	71	172	8
448	P53597	P53598	0.55421686747	325	25	184	141	7
2001	A6NK06	Q12428	0.211663066955	439	119	98	341	24
1419	O00233	P40555	0.351851851852	211	21	76	135	5
1647	Q9Y253	Q04049	0.233273056058	529	287	129	400	24
25	O95602	P10964	0.39987600744	1582	220	645	937	31
468	Q92643	P49018	0.456852791878	388	30	180	208	6
1100	P62841	Q01855	0.601398601399	142	3	86	56	1
985	Q9UHC1	Q12083	0.239416058394	660	848	164	496	25
21	O14981	P32333	0.391156462585	1726	264	690	1036	38
1433	Q96S44	P53323	0.344398340249	232	50	83	149	9
150	Q5JRX3	P32898	0.354481369587	973	80	352	621	20
782	P62166	Q06389	0.6	190	0	114	76	0
1690	P21549	P43567	0.249343832021	366	45	95	271	15
1394	O43929	P54791	0.259174311927	416	133	113	303	20
872	Q6P1X5	P23255	0.231244483672	1080	446	262	818	53
1804	O95391	Q02775	0.228813559322	335	298	81	254	19
179	Q8NB90	P32794	0.436868686869	766	141	346	420	26
297	Q13472	P13099	0.424193548387	605	447	263	342	15
707	Q9BQ67	Q04225	0.34451901566	433	91	154	279	14
968	Q8WTW4	P39923	0.294871794872	380	235	115	265	10
1488	O75832	P50086	0.336283185841	219	16	76	143	7
1470	Q9UIC8	Q04081	0.285245901639	290	82	87	203	15
708	P48728	P48015	0.401515151515	383	37	159	224	13
1468	Q9NQT5	Q08285	0.309623430962	228	59	74	154	11
1029	Q5MNZ6	P50079	0.344729344729	338	116	121	217	13
1767	A6NK58	Q06005	0.265306122449	231	97	65	166	14
556	Q9Y2T3	Q07729	0.393406593407	446	51	179	267	9
1448	P82094	P47166	0.229041916168	632	536	153	479	36
1183	P61086	P21734	0.427860696517	194	27	86	108	7
1879	P05423	P25441	0.228494623656	350	120	85	265	22
873	Q9NW13	P37838	0.303541315346	572	300	180	392	21
1438	Q15061	Q04177	0.249589490969	584	152	152	432	25
1660	Q9BRG1	P47142	0.293785310734	173	32	52	121	4
675	Q9NQR4	P49954	0.483985765125	275	17	136	139	6
126	Q03468	P40352	0.415311004785	1010	558	434	576	35
105	P09884	P13382	0.337828246984	1362	206	476	886	47
1321	Q86VD9	Q04174	0.294238683128	468	159	143	325	18
1732	Q9Y3D7	P42949	0.370078740157	123	28	47	76	4
1564	O60683	Q05568	0.265993265993	287	89	79	208	10
280	Q9Y2X3	Q12499	0.472972972973	507	26	245	262	11
1726	Q9NQP4	P53900	0.348484848485	129	5	46	83	3
116	P54098	P15801	0.397397397397	975	543	397	578	24
1508	O60762	P14020	0.302904564315	233	61	73	160	8
99	Q15477	P35207	0.392372881356	1149	235	463	686	31
713	O75083	P46680	0.290268456376	572	77	173	399	24
503	Q14527	P32849	0.28982300885	867	444	262	605	37
654	Q2TAA5	P53954	0.345454545455	477	86	171	306	18
1548	Q8IWW8	P10127	0.229007633588	381	87	90	291	12
1782	Q9UEE9	P38326	0.239436619718	271	60	68	203	13
1872	Q9BYN0	P36077	0.363636363636	104	56	40	64	6
709	Q99613	P32497	0.277777777778	732	261	210	522	24
822	P12955	P43590	0.30612244898	475	78	150	325	15
848	Q8N1F7	P34077	0.254408060453	766	126	202	564	28
1053	Q6IQ20	Q02883	0.315521628499	379	103	124	255	14
1742	Q9BTM9	P40554	0.42	97	6	42	55	3
789	P52948	P49687	0.245546088304	1220	694	317	903	71
2017	Q9NP79	Q06263	0.205387205387	282	73	61	221	15
1435	Q9NWL6	Q04489	0.303846153846	497	174	158	339	23
166	Q16134	Q08822	0.495161290323	608	32	307	301	12
1749	Q9Y4Y9	P40089	0.443181818182	85	14	39	46	3
1278	Q9NPD3	P46948	0.342741935484	243	5	85	158	5
756	Q9HCG8	P53333	0.284982935154	573	339	167	406	13
1659	Q96BK5	P53335	0.28102189781	260	79	77	183	14
572	Q08945	Q04636	0.33072407045	499	263	169	330	12
432	Q8WVM8	P22213	0.323943661972	627	54	207	420	12
1770	P56937	Q12452	0.219941348974	331	26	75	256	10
1981	Q14061	Q12287	0.338461538462	63	6	22	41	2
1154	Q9HC07	P38301	0.335766423358	268	68	92	176	6
49	O43143	P53131	0.597112860892	748	66	455	293	14
1007	P83876	Q06819	0.636363636364	142	1	91	51	1
1283	Q9H7D7	P25569	0.236234458259	538	330	133	405	25
1709	Q96FK6	P53962	0.266483516484	344	88	97	247	20
1565	P52815	P53163	0.36170212766	182	28	68	114	6
349	P54577	P36421	0.526992287918	380	162	205	175	9
469	Q9BVK2	P40351	0.374280230326	507	89	195	312	14
1520	Q9BRU9	Q12339	0.297619047619	246	11	75	171	6
431	Q96SB8	Q12749	0.251901140684	1024	157	265	759	28
1221	P61081	P52491	0.407608695652	181	9	75	106	3
1145	Q9ULC4	P89886	0.461538461538	178	6	84	94	4
1071	O00764	P39988	0.354098360656	296	32	108	188	9
538	P14324	P08524	0.443181818182	348	75	156	192	4
1478	Q9BVG4	Q08971	0.420689655172	142	95	61	81	3
1778	Q99685	P28321	0.224755700326	295	26	69	226	12
1230	O75396	P22214	0.356807511737	207	15	76	131	6
1475	O43542	P25301	0.278287461774	313	180	91	222	14
1211	Q01831	P14736	0.231506849315	694	306	169	525	36
1017	Q9H490	P41733	0.281725888325	387	55	111	276	7
278	Q5VYK3	P38737	0.245623941276	1707	299	435	1272	64
2038	Q9BYC8	P25348	0.165714285714	167	37	29	138	8
223	O95163	Q06706	0.293469708891	1235	211	373	862	36
988	P46776	P02406	0.61744966443	148	1	92	56	1
226	Q13206	P20448	0.409921671018	739	167	314	425	27
1107	P00441	P00445	0.541935483871	153	2	84	69	2
644	Q8NBU5	P28737	0.441926345609	345	33	156	189	8
1364	Q9NWT1	P20484	0.272237196765	359	88	101	258	12
1885	Q9UBB9	Q06411	0.205792682927	613	319	135	478	43
415	P10515	P12695	0.419491525424	463	203	198	265	9
585	Q08752	P53691	0.452054794521	358	25	165	193	7
881	P78316	Q99207	0.262958280657	765	137	208	557	26
1717	Q15906	Q03388	0.260162601626	349	461	96	253	20
1123	Q14677	P47160	0.316883116883	368	297	122	246	17
1568	Q92968	P80667	0.279202279202	335	119	98	237	16
657	O15229	P38169	0.371681415929	438	70	168	270	14
1902	Q96KP1	P89102	0.183082271147	830	235	158	672	33
517	Q9H2P9	P32469	0.549295774648	281	23	156	125	3
497	Q5JTH9	Q12754	0.261061946903	1094	337	295	799	36
1490	Q9HCE5	P25583	0.26443768997	317	157	87	230	12
488	Q9NXH9	P15565	0.354838709677	544	141	198	346	14
1810	Q06136	P38342	0.242718446602	298	56	75	223	11
1597	Q9UJA2	Q07560	0.264925373134	261	62	71	190	7
1945	Q9NRX2	P22353	0.251461988304	166	81	43	123	5
1971	O75947	P30902	0.2	159	17	33	126	6
1998	Q16540	P32387	0.24025974026	148	120	37	111	6
1779	Q9BUP3	P40008	0.302222222222	219	35	68	151	6
1821	Q969E8	Q06672	0.254054054054	180	36	47	133	5
1822	Q9NPE3	Q6Q547	0.593220338983	58	6	35	23	1
1990	Q92535	P46961	0.209737827715	254	69	56	198	13
1859	Q86U28	Q12425	0.299363057325	150	39	47	103	7
849	Q969N2	P38875	0.309058614565	543	102	174	369	20
1952	Q9Y312	P32357	0.196078431373	338	63	70	268	19
1556	P53990	P53843	0.28231292517	282	98	83	199	12
342	O95352	P38862	0.396226415094	618	97	252	366	18
1135	P56282	P24482	0.266544117647	524	168	145	379	20
1931	Q9UI14	P53633	0.25	172	17	45	127	8
918	Q9UBH6	P40528	0.274452554745	657	284	188	469	28
1161	O00628	P39108	0.327044025157	309	80	104	205	9
1405	Q6J4K2	Q12424	0.244701348748	494	358	127	367	25
1938	Q9NUD9	P38211	0.250620347395	380	166	101	279	23
256	Q9H4L7	P31380	0.335403726708	929	299	324	605	37
1065	P49721	P22141	0.437185929648	197	5	87	110	2
936	P49247	Q12189	0.4296875	248	73	110	138	8
1614	Q86U38	P47077	0.209225700165	584	134	127	457	23
1772	Q96DG6	P39721	0.227642276423	240	11	56	184	6
42	Q14562	P24384	0.456	1095	175	513	582	30
81	O60673	P14284	0.299046321526	1408	1818	439	969	60
539	Q9BVC4	P41318	0.470779220779	302	25	145	157	6
893	Q5C9Z4	Q06132	0.265682656827	776	207	216	560	37
691	P00491	Q05788	0.473867595819	282	36	136	146	5
1268	Q96BW9	P53230	0.335616438356	282	273	98	184	10
1291	P09001	P31334	0.338181818182	262	93	93	169	13
523	Q9UI26	Q02932	0.265513733469	954	99	261	693	29
219	P47897	P13188	0.408560311284	754	76	315	439	17
78	P36776	P36775	0.435817805383	946	200	421	525	20
389	P80404	P17649	0.408421052632	467	37	194	273	8
1642	Q86YN1	P53223	0.306382978723	227	23	72	155	8
89	Q92620	P15938	0.416184971098	1008	282	432	576	30
499	Q9Y263	P36037	0.330995792426	686	138	236	450	27
526	Q96GW9	P22438	0.368896925859	538	92	204	334	15
373	P31948	P15705	0.393829401089	542	48	217	325	9
649	Q9UG56	P39006	0.383693045564	404	101	160	244	13
1329	Q8WVC6	Q03941	0.374468085106	227	18	88	139	8
1577	Q6IN84	P25270	0.282051282051	302	161	88	214	10
152	Q9UNX4	Q12220	0.377317339149	896	94	346	550	21
54	P11021	P16474	0.655015197568	650	36	431	219	8
229	Q16851	P32861	0.5249500998	492	23	263	229	9
739	P49754	P38959	0.262254901961	789	268	214	575	27
1700	Q96FZ2	Q04471	0.279365079365	297	128	88	209	18
1204	O95260	P16639	0.308943089431	352	317	114	238	17
348	Q7KZ85	P23615	0.259074733096	1358	461	364	994	47
1699	Q7L5D6	Q12125	0.275974025974	293	53	85	208	15
1957	P10606	P04037	0.291044776119	127	30	39	88	7
945	P16260	P38702	0.363636363636	318	53	120	198	12
1759	Q8TCF1	P53899	0.25	246	50	64	182	10
805	P47756	P13517	0.476363636364	265	34	131	134	10
1465	P51946	P37366	0.274509803922	296	124	84	212	10
697	P25789	P23638	0.5	255	9	130	125	5
34	P26640	P07806	0.471544715447	1089	190	522	567	18
114	O15067	P38972	0.348679245283	1289	118	462	827	36
443	Q8NHQ9	P25808	0.375212224109	570	66	221	349	19
1790	Q96EK9	P34253	0.321554770318	273	121	91	182	10
664	P55010	P38431	0.398457583548	379	78	155	224	10
321	P39748	P26793	0.583554376658	371	20	220	151	6
946	P62256	P28263	0.532608695652	180	41	98	82	4
532	P55735	Q04491	0.5	294	31	151	143	8
783	Q6PD62	P89105	0.235063663075	980	290	240	740	41
1099	O43592	P33418	0.196721311475	937	188	192	745	39
607	Q86YJ6	P16120	0.359504132231	469	60	174	295	15
509	P60953	P19073	0.801047120419	191	0	153	38	0
1839	Q9Y3D6	P40515	0.23178807947	146	15	35	111	5
159	O15381	Q07844	0.44080604534	771	151	350	421	23
1535	Q99471	Q04493	0.360759493671	154	9	57	97	4
1891	Q96IV6	P38992	0.216560509554	296	90	68	228	18
15	Q9Y4A5	P38811	0.27724665392	3574	455	1015	2559	87
516	O95155	P54860	0.285092491839	890	483	262	628	29
1545	Q9H300	P53259	0.266871165644	312	101	87	225	14
128	P00395	P00401	0.580582524272	510	27	299	211	5
2016	Q9UDW1	P22289	0.327868852459	59	11	20	39	2
1580	Q9Y5X2	P40959	0.217090069284	417	142	94	323	16
744	O76071	Q05583	0.393393393393	320	29	131	189	13
1497	P36954	P27999	0.431034482759	112	23	50	62	4
306	P00390	P41921	0.491666666667	472	61	236	236	8
1725	O75381	P53112	0.218241042345	294	130	67	227	13
1360	O15403	P36032	0.222958057395	431	134	101	330	22
1013	O15498	P36015	0.472361809045	198	2	94	104	1
699	P54819	P07170	0.5625	221	19	126	95	3
1379	O60906	P40015	0.266503667482	392	116	109	283	17
1567	Q8N1B4	P39904	0.207070707071	569	226	123	446	25
1374	Q96FM1	P25625	0.27950310559	312	53	90	222	10
444	Q9BUQ8	P23394	0.382504288165	566	276	223	343	17
370	Q92993	Q08649	0.469248291572	427	104	206	221	12
1780	Q99426	P53904	0.281512605042	226	46	67	159	12
149	P10809	P19882	0.555944055944	566	13	318	248	6
761	P62277	P05756	0.774834437086	151	0	117	34	0
1668	Q6FI81	P36152	0.287197231834	276	108	83	193	13
244	Q9NRZ9	P43610	0.388816644993	742	207	299	443	27
1476	Q13573	P28004	0.278481012658	375	165	110	265	20
1062	Q9P272	P49957	0.353571428571	271	191	99	172	9
354	Q9NVU7	P53313	0.362844702467	675	104	250	425	14
942	P63279	P50623	0.556962025316	157	1	88	69	1
584	Q14534	P32476	0.365750528541	461	148	173	288	12
536	O15160	P07703	0.445103857567	332	17	150	182	5
1605	O95801	P33313	0.244623655914	353	66	91	262	19
974	Q8N5Z0	P53090	0.308788598575	410	105	130	280	11
696	O43242	P40016	0.324110671937	492	73	164	328	14
592	O76031	P38323	0.385714285714	477	199	189	288	13
1032	Q9UBX3	Q06143	0.366438356164	285	15	107	178	7
294	Q9H0S4	P38712	0.519015659955	443	70	232	211	4
132	P62191	P40327	0.71298405467	437	3	313	124	2
1381	Q8N159	Q01217	0.251509054326	480	437	125	355	17
859	O95620	Q06063	0.389570552147	316	52	127	189	10
524	Q7Z7A3	P53088	0.458823529412	333	41	156	177	7
1309	Q9BQG2	P53164	0.288515406162	344	158	103	241	13
1213	Q92504	P40544	0.312138728324	336	143	108	228	10
1718	Q5T6J7	Q03786	0.337078651685	171	38	60	111	7
1193	Q53HI1	P36125	0.358778625954	250	32	94	156	12
1314	Q15813	P39937	0.264344262295	470	105	129	341	18
157	Q8N442	P46943	0.472783825816	635	44	304	331	8
1208	Q96AA3	P38206	0.248120300752	515	85	132	383	17
875	Q5HYK3	P49017	0.439597315436	291	52	131	160	7
130	P33993	P38132	0.485596707819	719	126	354	365	10
1615	Q969G6	Q03778	0.402777777778	140	93	58	82	4
1840	Q9NQZ2	Q12136	0.254385964912	430	229	116	314	26
282	P42898	P53128	0.410684474124	583	90	246	337	16
1791	Q9Y296	Q03784	0.347150259067	184	70	67	117	9
973	P30041	P34227	0.474885844749	215	55	104	111	4
153	P30566	Q05911	0.624481327801	478	10	301	177	4
1549	Q99816	P25604	0.226666666667	364	47	85	279	11
624	O95396	P38820	0.383561643836	426	48	168	258	12
1228	Q6P587	P53889	0.382882882883	215	53	85	130	7
311	P35251	P38630	0.326789838337	840	329	283	557	26
1736	P61803	P46964	0.389380530973	109	25	44	65	4
338	P11177	P32473	0.567123287671	358	9	207	151	7
345	P00156	P00163	0.489528795812	379	7	187	192	3
666	Q9Y617	P33330	0.41018766756	365	35	153	212	8
1460	P25398	P48589	0.485074626866	131	13	65	66	3
1576	P62318	P43321	0.411764705882	100	27	42	58	2
910	Q9UJK0	Q12094	0.389438943894	291	43	118	173	12
1796	O43913	P50874	0.221967963387	419	76	97	322	18
108	Q99832	P42943	0.622710622711	542	9	340	202	4
1594	Q9BT17	Q03151	0.268221574344	331	39	92	239	12
1351	P60866	P38701	0.528925619835	119	2	64	55	2
1015	Q03426	P07277	0.325	387	65	130	257	13
1857	Q14691	Q12488	0.252525252525	191	22	50	141	7
1245	Q14978	P32583	0.297101449275	392	321	123	269	22
1964	Q9BRX5	Q12146	0.219101123596	171	68	39	132	7
1339	P53701	P06182	0.366935483871	240	57	91	149	8
927	O43818	Q06506	0.315334773218	448	152	146	302	15
1163	Q9UBM1	P05375	0.415	198	9	83	115	2
1391	Q9Y3E5	P34222	0.420765027322	179	29	77	102	4
1982	Q9H173	Q08199	0.1875	377	128	75	302	23
246	A2PYH4	P51979	0.301310043668	1104	414	345	759	41
207	Q8NEB9	P22543	0.363109048724	846	70	313	533	16
1926	Q9BRQ8	P52923	0.208219178082	350	51	76	274	15
1413	Q96HR8	P53919	0.274826789838	414	158	119	295	19
122	Q13200	P38764	0.44	886	129	396	490	14
1039	Q6PGP7	P17883	0.213511259383	1146	704	256	890	53
419	P53041	P53043	0.407786885246	480	52	199	281	8
1467	Q9H1D9	P32910	0.252427184466	298	37	78	220	11
2000	O14579	P40509	0.229090909091	261	82	63	198	14
171	Q9NTJ4	P22855	0.348973607038	995	133	357	638	28
1081	Q7L5A8	Q03529	0.31693989071	351	54	116	235	15
716	Q96AT9	P46969	0.550218340611	227	12	126	101	2
1313	Q13416	P32833	0.242026266417	510	177	129	381	23
762	P51149	P32939	0.625	205	5	130	75	3
769	Q9H9Y2	P38805	0.446308724832	289	66	133	156	9
1906	O75575	P47076	0.346456692913	124	61	44	80	3
418	Q13608	P33760	0.31045751634	883	244	285	598	35
1227	Q13190	Q01590	0.335483870968	299	97	104	195	11
422	Q6IA86	P42935	0.316730523627	751	112	248	503	32
962	O75478	Q02336	0.28801843318	423	31	125	298	11
1226	O75663	Q12199	0.348659003831	253	122	91	162	8
1127	Q9GZT8	P53081	0.340350877193	275	115	97	178	10
165	Q8IY37	Q04217	0.385819521179	1041	342	419	622	45
1340	Q9NWS8	Q05648	0.233516483516	351	161	85	266	13
363	Q9BXP2	P38329	0.315731573157	883	268	287	596	26
1324	Q9P2I0	Q12102	0.246648793566	713	215	184	529	33
1845	O95707	P38336	0.256756756757	210	79	57	153	12
91	P06576	P00830	0.735922330097	510	20	379	131	5
1072	P19388	P20434	0.42654028436	207	11	90	117	4
191	P43686	P33298	0.670616113744	418	10	283	135	4
133	Q9Y265	Q03940	0.678336980306	454	11	310	144	3
378	O95470	Q05567	0.372134038801	552	53	211	341	15
1750	Q9Y3C4	Q03705	0.292134831461	173	10	52	121	5
1509	O15235	P53732	0.474820143885	133	25	66	67	6
627	P78406	P40066	0.408219178082	358	17	149	209	7
350	P49366	P38791	0.554054054054	365	26	205	160	5
1500	Q16864	P39111	0.512605042017	115	7	61	54	4
549	P54886	P54885	0.403628117914	431	389	178	253	10
1861	Q9Y5K1	P23179	0.252010723861	355	84	94	261	18
199	P14868	P04802	0.560157790927	501	56	284	217	6
1165	P50747	P48445	0.276408450704	541	334	157	384	27
740	P48637	Q08220	0.35	466	33	168	298	14
1517	Q6DCA0	Q12012	0.333333333333	212	137	74	138	10
1892	Q9H3J6	Q05863	0.300699300699	135	51	43	92	8
737	Q9Y282	P39727	0.383419689119	376	46	148	228	10
1274	Q15526	P53266	0.292929292929	285	119	87	198	12
1258	P37198	P14907	0.244094488189	486	373	124	362	22
858	O43683	P41695	0.248152059134	897	312	235	662	50
1184	P43487	P41920	0.491124260355	163	76	83	80	6
1082	Q99447	P33412	0.343465045593	318	76	113	205	11
1282	Q969K4	P40560	0.28085106383	452	87	132	320	18
705	Q5F1R6	P53863	0.322519083969	501	119	169	332	23
119	Q7Z6Z7	Q03280	0.251681957187	3118	1406	823	2295	152
1330	Q96DW6	Q07534	0.329749103943	273	65	92	181	6
1807	Q9Y5R8	Q03630	0.292517006803	145	14	43	102	2
857	O00566	P47083	0.284297520661	581	112	172	409	24
1812	Q53F39	P40986	0.209718670077	371	145	82	289	20
595	Q99623	P50085	0.505050505051	291	27	150	141	6
821	P49720	P25451	0.533980582524	204	2	110	94	2
545	Q08AM6	Q06708	0.358187134503	665	332	245	420	19
1763	Q86UA1	Q03776	0.208092485549	493	227	108	385	26
1542	P62875	P22139	0.724637681159	67	3	50	17	2
1912	A4D1U4	P36090	0.240476190476	394	183	101	293	26
790	Q6R327	P40061	0.238260869565	1107	924	274	833	43
1030	Q96EY1	P35191	0.319383259912	436	119	145	291	18
1420	O14874	P40530	0.258883248731	382	42	102	280	12
1124	Q8N4J0	P53934	0.308988764045	343	123	110	233	13
144	O00429	P54861	0.469359331476	704	85	337	367	14
1284	Q9UGP8	P14906	0.25	581	261	153	428	31
1667	P61970	P33331	0.409448818898	123	6	52	71	4
358	O00487	P43588	0.652597402597	306	4	201	105	2
502	P35249	P40348	0.494318181818	345	26	174	171	7
227	Q9NSD9	P15624	0.469178082192	575	34	274	301	9
66	Q7Z2Z2	P53893	0.428433268859	1009	212	443	566	25
1922	P29084	P36145	0.214532871972	274	71	62	212	15
1347	Q8TEA8	Q07648	0.46357615894	149	61	70	79	2
424	P38935	P34243	0.361832061069	636	404	237	399	19
726	Q9Y2Z4	P48527	0.324152542373	462	45	153	309	10
1739	Q9Y2V7	P53959	0.2	629	238	132	497	31
143	O60832	P33322	0.635983263598	474	49	304	170	4
1170	P46060	P11745	0.303921568627	394	206	124	270	14
1304	Q9Y570	P38796	0.296610169492	340	106	105	235	14
459	Q92611	P38888	0.379432624113	542	369	214	328	22
1908	Q8IYI6	P38261	0.190217391304	531	416	105	426	21
1220	Q14181	P38121	0.252508361204	571	161	151	420	27
1698	Q8WWV3	P28625	0.248587570621	341	79	88	253	13
6	P24928	P04050	0.548387096774	1718	267	952	766	18
1728	O15212	P52553	0.418803418803	114	15	49	65	3
279	Q96TA2	P32795	0.408104196816	674	172	282	392	17
1020	Q9H981	Q12386	0.276666666667	578	349	166	412	22
425	Q9NRW7	P38932	0.36917562724	548	51	206	342	10
1120	Q8WWY3	P49704	0.262605042017	459	75	125	334	17
1783	Q9GZS1	Q01080	0.192214111922	396	42	79	317	15
884	P51955	P22209	0.387096774194	363	154	144	219	9
672	P60174	P00942	0.526104417671	247	40	131	116	2
135	P46459	P18759	0.450608930988	728	46	333	395	11
1543	Q9H1K0	P32609	0.234782608696	434	431	108	326	26
1917	Q9BV23	P53750	0.20979020979	274	79	60	214	12
1544	Q9BRP4	P53196	0.246753246753	366	77	95	271	19
1285	Q9NYV6	P36070	0.245704467354	565	148	143	422	17
123	P35998	P33299	0.744827586207	433	34	324	109	2
1560	Q9H063	P41910	0.249011857708	239	173	63	176	14
1293	P51948	Q03290	0.31	288	54	93	195	12
546	Q05932	Q08645	0.393129770992	505	125	206	299	19
483	Q9HCN4	P47122	0.483516483516	357	45	176	181	7
870	Q9BV10	P53730	0.330612244898	475	89	162	313	15
1537	Q9Y5N5	Q03920	0.339622641509	202	31	72	130	10
160	Q9NSE4	P48526	0.364197530864	946	122	354	592	26
1559	Q96AJ9	Q04338	0.307339449541	212	10	67	145	6
1730	Q6UX04	Q02770	0.264705882353	293	187	81	212	13
147	P62195	Q01939	0.733990147783	405	1	298	107	1
1972	P56589	P28795	0.203342618384	341	132	73	268	18
26	P42285	P47047	0.515699333968	1038	39	542	496	13
586	Q5H8A4	P40367	0.287671232877	755	303	231	524	48
1185	Q15070	P39952	0.30198019802	388	61	122	266	16
1936	O14737	Q04773	0.279069767442	124	22	36	88	5
195	P09622	P09624	0.55	491	26	275	216	9
46	O75533	P49955	0.487073422958	959	357	471	488	8
1287	Q9UBZ4	P38207	0.28	454	130	133	321	21
90	Q9Y2L1	Q08162	0.43829787234	921	117	412	509	19
1980	O95777	P47093	0.271739130435	90	25	25	65	2
1758	Q5VZE5	Q02197	0.2015625	611	236	129	482	29
1246	Q8WVC0	P38439	0.274336283186	431	268	124	307	21
550	Q9H3H5	P07286	0.410194174757	406	44	169	237	6
251	P50990	P47079	0.463898916968	545	26	257	288	9
1913	O15431	P38865	0.305084745763	170	39	54	116	7
1505	Q9Y2Z0	Q08446	0.263473053892	320	120	88	232	14
611	P40938	P38251	0.437142857143	344	22	153	191	6
531	Q9UNQ0	P25371	0.324031007752	630	444	209	421	15
1628	Q9Y2B2	P23797	0.302681992337	248	60	79	169	13
69	Q9NTJ3	Q12267	0.38046875	1253	200	487	766	27
1414	Q9UHY7	P32626	0.356828193833	218	52	81	137	9
1389	P61758	P48363	0.373684210526	185	26	71	114	5
1820	Q8IWL3	P53193	0.245714285714	168	83	43	125	7
1829	Q9UHB9	P38687	0.219081272085	542	142	124	418	24
1190	P62910	P38061	0.598484848485	130	5	79	51	2
808	Q5T2R2	P18900	0.358695652174	362	164	132	230	6
991	Q9UNM6	Q04062	0.301837270341	372	25	115	257	9
1	Q6P2Q9	P33334	0.620763620764	2317	114	1447	870	14
1323	Q9UMS0	P32860	0.370044052863	216	78	84	132	11
323	P50579	P38174	0.536992840095	412	75	225	187	7
976	Q58A45	P36102	0.260089686099	641	284	174	467	28
836	Q92979	Q06287	0.51012145749	241	14	126	115	6
